-2.555431538
-0.303911062
2.471324204
5.570991193
7.706155119
-1.848536444
-6.169704763
2.825826888
6.075911151
-2.903923971
0.560591548
0.361667304
1.719143814
3.194141902
0.111816325
-2.600517902
8.220936001
1.709432489
1.881651481
-2.036135314
-3.347819705
-4.113924965
7.571781881
4.165681057
-3.310459174
8.733695858
4.548471605
2.363407736
-4.053627282
9.156538172
-5.808807198
-5.201139521
-2.767337735
8.23127116
1.191691606
0.565747471
5.943659404
-0.661359313
2.362182457
-2.820809473
4.917363238
-0.270097993
2.486818257
8.571471489
2.00483915
-2.425505872
-2.936034283
1.089160471
3.463774053
-4.67336948
2.023249283
-2.179204874
0.059914069
9.376847913
4.139378236
-0.0917753
-1.194740152
0.151589917
2.234111683
2.270352924
1.812876098
5.565611312
4.056777435
-6.293794853
0.190658395
-7.348937833
1.05561382
3.495135817
1.816756828
2.404920016
-5.73143926
-2.56193438
-3.915631403
3.621019152
0.427192723
1.31585417
4.687755151
3.735089262
6.321031461
5.127816941
9.755220312
-3.908420226
1.743536463
-0.552120356
-8.444454344
1.818460685
2.501408353
-2.43019072
-4.174242791
4.718285197
-2.327224126
3.513770317
1.899881099
4.332611789
0.217490595
1.088078779
-1.378957298
-1.624754464
-3.410660127
-3.035501478
-1.370357571
-3.672352185
1.673304398
0.298559824
-4.137332543
-0.131273687
-0.395402675
-2.674465332
2.478438424
6.592357439
0.605159355
2.076294528
7.328418213
3.148299202
-0.30587438
-1.110629352
6.53811689
1.935715656
-0.436593231
-5.851490672
3.337191059
-1.534093092
-0.728489997
2.020984175
3.706116467
3.226703271
-8.50461286
2.873489407
-0.512713927
-1.178882637
1.559951907
-2.588394412
2.213171552
1.95664626
-3.169710954
2.203821467
1.090734717
1.448032186
1.94635476
5.298209952
-7.469903235
6.442935146
2.020383569
4.686454439
-2.638356894
0.8226221
-7.769154604
3.483532747
-2.937404686
2.77839524
-3.749331016
4.890501279
7.377228337
1.677027323
-7.995232644
0.079954259
-13.23201149
1.336567714
-0.184146566
-5.314375163
2.371846011
7.013259689
0.586262434
0.30921916
7.081997042
4.319717178
3.149422708
-4.960283667
4.136281866
-5.116816918
4.804963127
-0.573145463
6.432350787
-1.28270946
1.702325669
-0.809646311
-0.0647581
1.283975689
3.839530747
-0.850897063
-5.231280989
-6.92690246
-0.482580617
-2.257839151
5.409184604
-0.766650828
2.472069729
2.491976271
-6.075030791
4.996904212
-0.470189084
0.64975629
8.201506312
3.321182087
2.085318709
2.13827313
1.070441063
2.437814549
9.534164218
4.608952292
4.267311406
5.188171732
-0.17059641
4.305451996
-2.418908196
5.82614296
-6.203848982
-0.60859373
5.963782265
3.818845073
-2.56430398
2.108034399
-4.071993077
3.922731135
-0.529198609
0.620636651
-8.167848294
3.283297174
1.331088641
4.021356948
-0.02001147
8.353323331
0.231298789
6.083647908
1.575710422
7.307161204
-0.584526547
0.556897196
-1.413914755
0.062218526
-1.553640416
-5.493017412
-7.137687303
3.312484377
-4.121028235
3.937438944
-2.281652148
3.783999663
-3.719511985
2.267725027
-0.612621533
13.48971876
-0.367502274
2.025630009
12.91503475
2.416407586
2.931135678
2.480572822
5.447422654
-1.507857619
-1.09912233
1.187903383
-2.537036245
0.784600647
1.961551944
3.246206288
1.476191801
1.932231656
-3.53403805
-3.337143377
-0.334000579
5.096907992
-2.666262786
-0.169134026
1.225141883
1.294184491
2.677169065
3.226021801
4.556642364
3.205058104
-2.936211545
3.377538793
7.042657814
1.432734009
0.044098349
1.104145662
0.342756366
-2.155470457
0.736279398
-0.307659139
-0.43657908
3.580644571
-1.851829484
-1.013192606
0.553699152
2.737643027
0.307640642
1.178612449
2.056263401
6.806560232
-2.167852794
-1.882153933
-2.782629448
5.143399119
3.556556742
-7.714110651
-0.460388869
1.117870591
1.130309106
3.257794247
3.137134213
0.623980487
9.966499637
2.265060561
-2.550991006
2.746708116
7.096306125
2.726287047
1.046928705
1.039049235
4.8629179
-0.85522368
-3.443654776
7.933743198
-7.577821635
2.119545433
-1.24686649
2.27517428
-2.342970634
-1.65348182
-1.034152826
-0.754498233
5.297011235
1.497121027
3.381615916
8.603641533
-0.956841786
0.980007019
6.65713059
-0.237574775
2.45064578
-1.201678414
1.47046225
8.023172628
5.292577022
-1.90998649
-1.27341162
-5.415515707
-2.118250335
8.374764704
4.334262394
4.444768696
-0.802160574
5.97046536
-1.130195807
-3.414859576
9.585463441
0.385660988
7.990003344
-0.022967932
3.309454148
-1.394765953
-3.919185217
5.097240722
-1.251465462
-2.174649073
-4.596578628
-3.225990366
-1.833615374
-2.277633562
1.243984817
-1.783725951
5.845790228
3.245511401
-7.686438112
-1.8231208
1.132881249
12.43402641
-3.23056127
1.791891438
-2.768772714
4.863700384
0.528473474
0.176818701
-0.453852879
-3.646770652
0.33019388
1.239782052
12.54269896
2.557033467
4.431767865
-0.043150802
2.939913288
9.773268408
1.697299847
-0.311020311
-0.60858255
3.758104114
4.679055677
-1.91011985
5.139259333
2.356883031
0.04892796
4.838811289
0.094753846
-1.333568495
4.953026449
0.216630219
-4.78309729
-0.499700035
-2.088534149
3.4754273
4.263795351
-1.572538863
2.534785863
3.258120127
-6.55057629
-1.566918744
6.611072588
-3.697056694
3.872822537
1.077920466
-0.507360704
0.377771871
4.770220014
3.490950117
1.955798995
3.394141878
1.718712376
1.756553594
1.09634324
1.691414901
0.082832059
0.855715739
2.625063979
0.515208933
-5.561103685
-0.78928539
6.085681382
-2.190492201
2.172083141
5.549861942
-4.518168853
-4.591559171
1.153051178
-2.771039119
7.90311534
-0.898071187
3.899734255
-1.732709808
-0.644943914
3.168364853
0.254791054
-1.687544624
0.327273624
3.54137703
-4.533301913
3.247458004
1.388019655
-4.071638873
-0.084766777
-1.287474365
1.609198921
9.154831774
5.581037671
-0.562122758
1.030303684
2.687301258
-2.923397359
6.602629144
3.245063514
-7.420798186
1.922536428
0.201706252
0.424801457
5.427673194
-0.813979152
-1.533265049
2.042548754
1.939760791
9.952238161
4.013120863
-1.522871824
9.789769287
-3.378692594
1.38361346
-0.587365789
1.340844706
-4.990111907
11.92597013
4.308086027
1.408787197
3.283956894
2.446665085
-3.412478948
0.506913983
2.732866131
-0.968427735
2.973770464
-2.601149237
4.414782667
7.996553477
-1.469993793
8.725913552
-7.306111188
-2.125607321
10.62588165
-11.33679019
3.878699131
3.246535084
-0.747252056
4.451483319
-2.484230283
-6.935079805
5.730534989
-3.411193527
-2.056178129
4.369576478
0.02357711
1.716708721
1.912145455
3.4472273
-1.428023762
-3.313515913
4.697426538
-1.095181227
1.036389658
-0.168190466
-4.221319809
-5.449644546
-1.471387699
-1.026857531
3.174927576
-0.745498114
5.674292482
2.843713091
0.031462661
-0.061814745
0.651888284
-4.480545854
-0.807754738
0.533128404
2.010703467
3.833341459
2.54304473
4.340347497
3.53111428
-2.985385453
4.070616541
-3.438748718
1.985708865
5.64710026
5.287458936
2.226146864
4.152621521
-1.36399021
3.97000463
2.090469511
6.606031769
5.347293854
5.837812886
3.434917769
-2.684175613
-3.247290866
2.403331114
1.691316965
-1.634949682
-2.037802177
-0.235922604
0.359354435
6.734817985
1.271448533
4.652208422
2.354333273
7.112243947
-5.347720308
-2.674106099
0.365884975
7.882014014
-4.642191745
-0.13760234
6.153535128
1.562124953
2.379968478
0.252956069
-5.893172058
0.796688021
-2.719820823
1.74777281
-1.686781057
2.603627427
5.313393272
-1.257214204
1.147915872
1.176702655
4.319767303
-0.796644218
2.228668862
-4.320563551
2.559995125
5.110698205
3.847181644
0.685757726
5.957427224
-0.938644741
0.69865835
-2.896859411
2.848566537
3.516992055
-9.657738162
-0.454761582
3.543851345
1.425712981
-3.305759112
0.465332783
-1.218161161
-0.321158029
0.535984419
-2.113688027
6.868856158
0.902487472
-1.791397739
-2.540069893
3.333255835
-5.384967854
4.418793046
-0.069433022
0.516030911
-4.914491578
6.581645079
3.708622115
-0.470953932
-5.414031608
-2.14213073
4.915283019
-4.680906704
0.396181596
3.853319909
-2.015745327
3.512062241
8.263336067
-0.119643293
7.932403226
2.409530245
-1.031049024
1.126782115
8.440669461
5.886244134
-8.080566308
-2.470037973
4.745996649
5.507968995
-2.863574101
-5.938090332
0.831983277
1.600591893
6.313725614
-1.406573026
0.413578139
-4.483963799
-1.358307027
0.582146709
-0.581146398
2.48746451
-5.100255158
2.360535288
1.362030616
0.293623859
-0.497766133
1.956515202
5.019920934
0.863287891
2.503046736
1.411258046
0.221963249
10.41921853
5.449254797
-0.449152345
0.065575994
6.440287702
2.953353542
2.384488654
-0.619934271
1.676544907
2.399664841
3.154370823
-0.37870945
5.455101617
-1.536343613
0.3501184
2.443711907
-1.45194351
1.16058258
2.600776779
-5.326185271
-1.087910863
0.543556087
4.286158655
0.035544714
-0.752255712
-0.568186499
-2.984054736
-0.48494805
3.418571309
-1.418590048
3.107102101
-1.984225162
0.312061142
5.081139226
0.22011395
6.510855235
0.811926873
0.746612837
-12.60342353
-1.585324425
0.008769818
0.18874512
-4.274463469
3.06155582
-1.015094745
-1.023678687
0.443227155
2.806686402
5.223649139
4.312668408
3.805132216
6.543457256
-2.824924166
2.103782115
-4.041771326
12.49791551
-2.664078854
4.934702879
2.43428471
2.138059182
6.909585122
-0.390789528
5.329208739
-4.998998242
3.168877571
3.406307678
1.979919288
5.609666718
2.993737112
3.90540374
7.993474983
-10.28662185
2.415068707
8.800481896
3.829804906
-0.953479218
2.057129439
4.368711791
-4.801038938
0.440464282
3.490553753
4.660399948
9.515960857
4.435883991
2.945938295
3.100388351
-5.638406455
-0.193155758
8.079549393
-0.169211889
-5.460859987
3.486104347
-2.862021291
3.559588354
1.922516178
-5.810854958
1.624831387
2.120550661
3.026162537
4.555548705
-3.038729287
-0.565395404
-4.664004496
1.580771898
-1.038330146
-1.310928306
-4.536602771
-0.048529559
-0.919212809
-4.196942065
5.137034719
-2.587144196
-4.702268004
-4.919989142
4.558910842
-6.781055866
-1.965890362
2.536770258
-1.135926822
2.376995027
2.113824057
11.38911714
-0.13044282
-5.476917667
3.269349407
-1.065198287
-1.080537815
-1.58654294
1.980336733
-6.431825699
5.885241975
1.126248867
2.389008287
-1.634416255
-3.033709626
-1.593679431
6.845517335
7.020681227
5.655927525
0.754039448
0.094780747
2.162411948
-4.901003996
0.965478169
-3.081114889
10.28284934
3.162305179
-2.515645855
6.831154898
-4.406218277
4.194658509
0.790110251
1.179054349
0.539640412
4.265942211
4.830055865
5.588355941
-4.287723802
-2.322593183
2.200999468
-9.843672047
4.418930801
4.040198784
0.397702139
-2.573123443
4.020956164
-4.438342318
-0.56866844
8.263720845
-4.121834858
3.515025209
4.414071233
-2.866129475
-3.097043436
2.232083134
-7.730801287
-5.820210012
7.260309962
4.655211872
-3.647655549
-2.304350887
3.381718635
2.282244206
-4.458831199
-1.321278198
-1.34777735
0.997802387
-4.674875367
-5.623806442
-3.560306261
3.639736124
1.920194317
-4.497131558
1.319133325
3.009833674
4.497034858
1.589387546
-1.196335411
-0.245364274
3.490468009
-2.238899097
1.010646844
0.184395478
5.415096996
2.498921998
-4.614752732
-0.504729297
-2.416751496
-0.948761428
1.60524094
3.143260719
5.841644023
1.280892857
7.297279451
3.374127444
-3.849059383
3.61204669
6.571135844
2.076847041
-0.052054223
0.224801021
-1.838360406
-6.688343919
2.7392784
-0.614327792
-1.204456719
0.411589101
0.128093797
5.144937435
0.606059616
-3.498275437
8.104452813
-2.667158139
1.939569755
7.838002498
-1.732176074
2.265143498
-3.36018375
-2.893790011
-4.58594982
-1.010846586
5.717441059
2.340350668
3.179301959
4.294771657
-6.173521651
1.950951049
0.344814999
-2.481533944
-0.65734328
-1.613725369
-0.809499702
-5.37332323
-0.945004826
3.533916819
0.064726957
1.687023348
2.099067112
-3.252375681
-1.085742727
0.776217372
3.424142304
-3.579069698
-0.726497368
-2.192738722
0.372034711
-0.732202959
3.666175035
5.849603521
-1.366344156
5.526755907
-0.522646009
3.918716943
-1.903654665
1.453868814
1.22060333
5.218970184
5.723707423
1.310665011
3.294186193
6.864531973
0.719235688
3.839227855
1.849820683
-1.563561078
-1.442864632
-0.921124171
-1.673588229
4.318845657
1.738452916
8.478871227
-0.358645669
0.042557098
-0.172999355
0.402696447
-1.387847245
0.42345996
4.392395691
-0.16887155
0.841013167
5.180572607
-0.87564411
4.20876438
0.132804111
-2.321999089
-4.234712639
1.436381587
7.816849369
0.385021442
-1.646373961
-4.130458427
-4.659659074
5.00786394
-3.230556748
0.072077516
-1.617084119
-10.09021187
1.202215514
-2.736975379
4.167797351
-1.881564157
0.813916118
6.61360782
-4.344888387
-2.158334496
5.722442939
-6.425202902
2.271621314
2.268539679
0.198781374
-5.419594623
0.451739493
0.183487372
-1.610323932
-0.884221941
1.53112217
12.83066173
4.691437746
-1.186318791
1.925355777
5.570032396
4.632353032
0.619951771
10.85698497
-0.933605749
-4.329259235
-4.314631615
6.463195689
4.294885947
0.93275922
0.806170464
6.374194677
0.597031157
8.064351197
1.41626324
-5.090561961
-1.859802931
1.282668991
4.233939578
5.418888926
-2.191144096
-1.343424241
-1.450935508
-1.833497668
10.51885336
1.584920652
5.101631534
-1.02510445
-3.50615779
-1.658470901
7.916122696
-1.204348711
1.966954882
-5.685024233
-2.813166359
-8.008391356
10.77941175
4.917059319
1.568968496
3.288257314
1.34611719
-3.958151761
6.038114594
-2.014423544
-4.230775101
3.757711751
-1.052334343
7.519770581
6.728972733
2.552396288
3.208855676
6.28300968
-0.003471847
2.294489616
0.106342352
3.812709588
6.180216835
1.212475742
-3.798696536
3.65858734
2.959877063
-5.86780118
-0.694447098
-0.575944392
5.84460156
-0.234772431
0.687746845
-4.182654057
2.4689726
9.553840574
4.520147318
-0.610584853
1.875712111
7.744592798
-3.561074195
-1.769098
4.830225483
0.330205998
-2.694012378
6.68457967
-0.907619131
0.35283711
2.128351046
7.652173214
0.334030446
5.501485654
3.057875488
6.955598537
7.429026557
7.714505115
2.782997319
-1.774521509
-3.37805952
1.204195828
0.158548048
3.225077945
0.432915068
-3.743304028
-2.226867263
1.732914666
1.287607953
2.840030681
-0.116962198
8.495858441
-1.327521206
12.42873812
-1.554134436
2.429820109
-0.717376225
3.247430541
0.136216207
-0.705291068
-0.683946354
-4.911649937
4.656421904
2.792639241
5.345004672
-7.289253876
-0.65585091
4.763438094
-9.34456943
-8.042256238
2.0397286
2.143818046
2.152023506
0.756714321
-0.796650307
-1.182374462
-4.498703695
8.558616012
2.323577423
0.348297887
5.249278337
1.443549499
2.130713605
7.018632407
-5.064302141
-2.18904413
2.624079404
4.943358481
2.138308744
0.77451267
-3.673484054
1.737007605
9.887895533
4.287925822
6.226735919
4.615930054
-2.431619596
0.406682453
-5.948152986
-5.386088047
1.831590054
10.94505732
-1.35015385
-2.18098471
7.123676343
-4.913098483
5.357505544
2.110925769
3.802834561
-2.455878786
3.575860426
3.946664072
1.414079235
-0.635612916
12.65440302
-0.17320544
-0.625852078
-1.426270302
5.53410949
-1.680537616
-0.255388868
5.594532154
3.876192947
1.410221847
3.399127968
-1.299186175
6.303722845
-10.51664109
-7.599631225
2.23169079
-2.241362958
-1.605299431
3.275616698
1.434415372
0.119055012
-4.808827315
-5.309368555
5.965177868
4.871527524
5.077000195
-0.14027986
3.803374895
2.198789549
2.518734296
-1.024404298
1.781652565
3.777193518
4.520105169
0.410159671
4.863565768
1.851869538
1.402782397
4.133092054
5.103086162
0.561710588
-2.856471299
-2.204090258
-1.087925527
-0.367153927
2.381357081
4.880859501
4.773047831
0.428899802
1.232938803
-1.29714577
-2.406434448
3.834284044
2.269275715
-6.881607224
4.955295121
-3.26876521
6.85488591
-0.079324374
2.353366445
2.083393329
8.810405495
3.571162299
5.46077738
8.497963812
6.308245947
3.395701804
4.471011211
2.15388479
-0.056194611
8.726332645
3.522209733
1.594102474
-3.464799778
8.151606905
6.095342012
1.558064287
7.570465901
-4.181539586
1.300416035
2.883330352
2.44420688
0.583933969
0.800931202
-0.183038704
-3.846261782
-2.015471555
-3.4040134
-0.837579435
0.733434908
-0.240210473
-3.017424152
-11.81914775
3.513535233
-2.623218612
0.227380372
-7.917096314
-0.914723549
-2.847495216
1.106705514
-1.598761127
-1.049226686
1.740881645
-0.180406455
0.6742304
5.324069086
0.991859021
8.745886184
3.827365341
4.512793808
0.47334546
3.503300127
-0.347164959
0.521647861
-8.642777828
0.099720861
1.394862132
3.791556587
0.759064368
-1.065484574
1.60033842
0.634159501
-11.34557087
5.384767945
3.276042787
2.722837158
-1.522492736
-5.677071588
1.882137012
-5.030316806
0.615966013
1.869541082
2.127351601
8.066165571
-3.800692416
-1.916368507
3.010840615
-9.091555963
7.622526623
-0.686970687
-0.055929475
-2.302437048
0.412766582
3.433792657
-1.78771799
1.684762572
6.399804882
-3.254725114
-3.03763879
0.821907378
0.029364308
2.789273022
-4.879656463
2.05149643
0.485737281
4.660050396
4.623398553
-0.132496799
-1.225405358
-3.41712144
-3.325094231
5.233382747
9.204922226
-0.657846565
10.0900466
-0.994335121
-4.208286362
0.485673314
3.391853052
-1.735941857
-2.494120953
-0.878434245
-2.585687341
-5.663545622
-1.149504281
1.615606508
5.988959165
0.177197187
-4.672071766
0.080895788
4.126901468
6.950069779
5.842222841
1.220951172
-2.79028145
-3.328314372
-3.291828343
1.036790987
3.247156154
6.458266023
-3.143700956
6.051221445
1.489779174
3.282289552
2.4527761
0.611480404
1.005685724
-1.736165153
1.627957129
5.364107477
-6.06005609
-3.074134669
-6.836055402
3.569742313
0.743836821
-6.945683757
-5.667351503
-2.394627874
0.745412818
4.207299954
-2.81603874
6.407112579
2.811499573
5.586474845
1.56506965
-2.517877745
4.187175577
9.763078972
-4.189410115
2.20570641
-0.594377396
-3.990224988
-9.778517082
-2.169735269
2.150929045
-5.207679341
-4.017976582
-1.253572086
3.584446854
4.913009571
6.93558406
-0.008481091
-4.830805033
7.053930322
3.276607507
-0.267328847
4.94010765
-3.245104319
-0.625515468
2.908506202
-0.386944764
-1.476474558
2.519633326
1.518081637
-4.461030445
-10.43431834
7.735464258
-5.865418085
4.226679252
5.184013062
-1.056694483
0.833014791
0.125569407
-1.819294464
4.5860803
3.018246569
-1.222767507
3.938825115
-4.638978634
-3.42064004
3.588980623
0.329708038
-2.079940415
1.702016916
5.491024951
8.841557293
2.083076062
-5.529426449
4.325588975
2.438897351
-7.704156778
1.109875276
-3.337949003
5.827022505
-5.292703029
7.209071808
1.585446583
10.71288804
0.130457013
4.077883717
5.756077658
0.87947863
-7.330405395
-1.191332862
3.132081894
7.401519957
-0.933877073
6.42604348
-4.683906186
6.414399137
6.889274923
-1.254068864
-3.938845417
2.550931449
0.394562232
0.541085909
7.449740386
1.986414051
5.658983428
-6.600278588
3.735183564
-4.24776513
6.137037113
-0.601195633
3.617672483
-1.596606716
3.264655685
-1.495500657
1.301566579
-4.227347565
-4.407899258
2.213857478
2.960921647
-5.658085186
-1.248826085
5.224446649
-0.296596465
-1.197893791
0.200835441
-1.690857159
6.895795904
-1.546559836
3.229788906
-3.866756669
2.084933891
3.580878051
0.123409719
0.778086826
2.982697869
2.356976928
-1.451222987
-4.912088373
1.260752086
-0.751174912
-2.790759183
-2.036038512
7.853426869
-3.660141256
5.314157911
-2.902758227
6.290163983
-2.690615617
8.481580704
-1.397746728
-1.935339211
3.331545548
-1.576948468
2.66738264
5.01183029
-1.67184916
9.479442484
-1.460552319
-2.24207308
-1.134425363
-0.654748719
1.584353506
-1.974154947
3.231357086
1.753461213
0.618743556
1.757853362
2.291031877
5.664723062
-4.423304189
-2.457795262
-0.28180691
2.668875215
-4.084504631
1.358001204
3.583058132
-0.43456493
-1.559487668
3.503707109
-0.343437697
-0.812023457
-0.81514559
-0.759668113
-10.62748539
3.367090023
-0.112939966
-1.540165071
0.988887429
1.910212854
6.918519514
-2.995365494
1.226866601
-3.113458706
2.054915625
3.431931213
6.642767669
2.567046667
-0.9209513
0.752655473
0.042396177
3.664910707
-4.7853099
-2.272088941
4.841273431
-0.705152558
4.875813048
-1.40067174
1.348040688
-7.814504018
1.941882404
1.152602875
6.118685552
3.069343723
-2.818659234
5.925584462
1.222780294
-3.5818518
2.324171686
-2.233489944
2.784129558
6.802643913
-5.093918648
4.264100708
-2.856637848
1.599696183
-8.240738529
-0.253938545
-6.946370918
1.907133157
-3.165310876
5.607150328
4.431269034
-3.976532185
-6.193105112
-5.204620396
-2.469385678
2.320961328
-2.739013081
0.548071258
-1.558395992
4.809719228
-3.246868701
6.080011545
-1.891192418
-1.726263352
-1.204528127
4.123613912
-3.090451075
6.709409029
-4.898341438
-1.806864318
-4.387153881
0.761991622
2.041717044
0.083823498
4.350829448
12.293466
-0.832363527
-5.023768395
0.424203996
1.216543053
2.834602668
1.030147833
8.427591023
0.862551128
4.106521956
0.065975517
1.139967671
-3.249347507
0.37475321
3.844296693
-0.788256035
-0.953005733
-3.100441228
5.588789897
6.203299085
10.83675806
-0.005112663
6.711172103
-2.939456246
0.873664715
5.237170521
6.692015189
5.772235423
0.567156265
3.79618721
4.00165551
1.934965559
2.987777388
-0.72716719
1.478895215
3.353669247
8.295483236
-8.549202085
1.673906046
0.089065471
1.74240637
-2.576469535
4.810981475
-4.10875486
-3.364779101
-4.40760263
-6.662904478
-11.01241572
1.139567849
1.91039912
5.637112671
4.059395868
-2.67840435
-2.480782977
0.11132052
3.158738263
5.285009523
-2.384182168
-8.549385506
2.489525664
-6.042152742
-2.667067151
-1.495559574
0.707489949
-4.759520527
2.394253249
-0.267627759
-1.745269665
6.247656309
-0.854607663
-1.274113348
-2.28610925
1.628308461
-4.276529259
3.632809098
-1.282967608
-2.633319089
-4.194314173
-0.354711602
-4.05512933
-4.43601069
1.038525279
-0.445117912
4.224396178
-4.921843826
-3.187229001
3.459704207
-0.010206594
3.492713049
-1.575002844
2.354744494
0.098289553
4.09476485
4.252541371
-2.884255382
2.492370909
1.560336534
0.908754417
-1.163504972
2.16704104
1.146699613
-0.461412837
-4.153633047
3.756641923
-6.790901575
-8.655652358
-4.432248808
-0.007793069
1.794825241
0.222999647
5.74492251
-3.386843896
2.480718712
3.868826446
4.65795476
-1.477563175
1.456154306
-3.740214404
4.051542864
-3.559036473
4.278280881
6.436893733
-3.121290784
1.705206656
0.10412149
-1.564930747
-3.240512617
-1.677765508
3.745729466
-4.983439447
-0.88351855
1.886740445
-2.343745461
-0.751704389
0.018459064
0.127179279
-4.644166249
4.186651788
0.628141571
4.807178122
4.345248434
4.499028027
6.88648001
-1.594680094
5.568827281
-4.889300646
0.727956412
-2.962447766
3.283396866
-3.202946047
1.624607225
-3.342294328
3.940170846
3.828375003
6.458956113
-4.270956673
5.4457483
2.747044226
7.418519261
6.750685986
1.888223033
-1.403264672
-5.965779841
0.229301548
0.179604394
-1.550862766
1.974630655
5.036860071
0.296912887
-3.316554848
7.145631834
2.382526248
-3.697936441
7.410032483
0.976088646
3.900024776
2.617124388
1.438136483
-0.897626664
-4.716133605
6.944691103
1.230621707
-8.463425228
-5.972017715
4.057326806
6.568741709
0.998112085
4.71694622
0.419964541
9.528411587
2.186976861
-0.218417071
-6.018552997
-1.742309639
1.240532068
-2.968842878
-6.978025282
0.500470537
-0.290989418
1.060838517
-2.391863752
0.35855769
0.635482565
0.404228598
-2.136100734
2.012039466
4.395501834
-6.560020876
1.302604762
0.759229636
6.712281847
-4.364183218
-1.605705935
4.662118132
6.358164286
-6.653229326
4.726058905
-3.780122961
-5.736398656
1.430778893
-0.160166588
3.684737494
7.197309267
2.587210124
7.441971233
-9.889589728
1.152870179
1.797951851
1.079158967
-5.101365434
4.299238332
-2.965427333
-1.20813122
-5.027017237
3.069537781
0.225685037
1.588953992
-4.246316353
0.575879286
-5.422215382
5.781370032
-1.538696313
6.305059737
0.911492368
2.991624573
5.862704595
1.786519879
3.745952258
0.944371642
-3.657117755
-1.268732397
-2.633570428
-2.312727763
-3.389132544
-1.788265388
-2.703359541
-7.412659986
1.070995648
-4.388398664
2.228183348
0.793590465
-1.520703918
-2.991860243
1.236341431
-0.525802832
10.11149409
-0.831000555
0.774632942
4.113492385
-1.018899589
2.558764615
0.841223379
-3.384639859
-1.227528822
-8.378633535
2.197362576
-2.006329316
1.512653168
-2.659701937
2.357263531
7.220993311
-0.96351257
3.726344265
0.113485325
-4.112078386
-2.225439457
0.745036544
5.840473531
-4.276352069
3.291439698
-6.881585667
-5.04746197
3.206635872
6.443218436
1.891710323
1.682733959
5.240904382
4.969855605
-7.161205127
0.708036299
1.76651095
0.229475085
-3.488116129
-1.963940056
0.612377338
1.253439626
0.651008215
-5.264336695
-2.628384316
-4.731843197
-4.810267925
0.770304943
4.462500796
-4.171808743
3.537530549
3.200949836
-1.814487817
4.412613137
-1.128725042
-0.156467522
-2.500517098
0.159813226
-1.069272585
-3.362161317
-0.694779471
4.423125246
-1.44150093
3.845866175
2.35676965
5.028953307
4.2953181
6.04217355